16.5	11
17.5	9
18.5	2
19.5	6
20.5	0
21.5	5
22.5	11
23.5	0
24.0	6
24.5	11
25.5	1
26.5	3
27.5	5
28.0	10
28.5	8
29.5	6
30.5	4
31.5	2
32.0	0
32.5	6
33.5	8
34.5	10
35.5	0
36.0	2
36.5	9
37.5	7
38.5	5
39.5	11
40.0	0
40.25	2
40.5	4
40.75	6
41	8
41.25	10
41.5	0
41.75	2
42.0	0
42.25	10
42.5	8
42.75	6
43.0	4
43.25	6
43.5	8
43.75	10
44	0
44.5	10
44.75	2
45.25	1
45.75	11
46.0	8
46.5	4
46.75	7
47.25	5
47.75	6
48	0
48.25	2
48.5	4
48.75	6
49	8
49.25	10
49.5	0
49.75	2
50.0	0
50.25	10
50.5	89
50.75	6
51.0	4
51.25	6
51.5	8
51.75	10
52	0
52.5	10
52.75	2
53.25	1
53.75	11
54	8
54.5	4
54.75	7
55.25	5
55.75	6
56	8
56.25	8
56.5	8
56.75	8
57.0	8
57.25	8
57.5	8
57.75	8
58.0	6
58.25	4
58.5	4
58.75	4
59.0	2
59.25	0
59.5	0
59.75	0
60.0	0
60.5	10
60.75	2
61.25	1
61.75	11
62.0	8
62.5	4
62.75	7
63.25	5
63.75	6
64	8
64.25	8
64.5	8
64.75	8
65.0	8
65.25	8
65.5	8
65.75	8
66.0	6
66.25	4
66.5	4
66.75	4
67.0	2
67.25	0
67.5	0
67.75	0
68.0	0
68.5	10
68.75	2
69.25	1
69.75	11
70.0	8
70.5	4
70.75	7
71.25	5
71.75	6
72.0	6
72.5	11
73.5	1
74.5	3
75.5	5
76.0	10
76.5	8
77.5	6
78.5	4
79.5	2
80.0	0
80.5	6
81.5	8
82.5	10
83.5	0
84.0	2
84.5	9
85.5	7
86.5	5
87.5	11
88.0	6
88.5	11
89.5	1
90.5	3
91.5	5
92.0	10
92.5	8
93.5	6
94.5	4
95.5	2
96.0	0